$delta
[1] 1 0 0 0 0

$Pi
            [,1]         [,2]         [,3]      [,4]         [,5]
[1,] 0.294917937 3.797509e-01 1.905910e-16 0.3119504 1.338074e-02
[2,] 0.153193106 5.733165e-01 5.703829e-03 0.2677857 8.702270e-07
[3,] 0.050671692 5.240903e-02 5.792308e-01 0.1562129 1.614756e-01
[4,] 0.175709965 2.503319e-01 2.858422e-01 0.2609683 2.714759e-02
[5,] 0.007110495 1.551185e-14 1.961660e-01 0.0121065 7.846170e-01

$nonstat
[1] TRUE

$distn
[1] "exp"

$pm
$pm$rate
[1]  0.1078364  1.1844826  4.2739718 14.7989610 32.4304091

